t,du1_LMI1,du1_LMI2,du1_Luen1,du1_Luen2,du1_UIO1,du1_UIO2,du1_DUIO1,du1_DUIO2
0,-0.266376378815186,0.149197166391986,3.52112239107366,0.745938132447451,3.98837645594099,-0.66483141336325,3.93850369997879,-0.16105233062593
1,0.344219114353193,-0.143746592432009,8.3854654919859,-1.15206207562281,2.25391923776531,0.00182167495222707,4.2463256457877,-0.402069301009709
2,0.0072974958257106,0.0714157326007483,5.24986699987609,-0.570696089462057,2.72357756498151,-0.545442544956262,3.55276074674692,-0.493213277479673
3,0.25332757502368,-0.093702902939286,4.30672089453504,-0.781218703399533,1.10277382945497,-0.0913552283113099,2.30296955941502,-0.364561978426508
4,-0.0926715909645197,0.03241996529573,1.96695609506777,-0.327137361226324,0.933013114740186,-0.252928066771784,1.28694792929505,-0.2581371760556
5,0.0749828372519303,-0.032111104054005,0.975382316286475,-0.298632353531013,0.0972932600246461,-0.00621960848065717,0.487639815506089,-0.126865763498978
6,-0.0407174859437247,0.0183912334420744,-0.0514486149206683,-0.0372387091026187,0.0720929611318568,-0.0706264288634095,0.0543731331900905,-0.0552356522951309
7,0.0127952927635202,-0.0132530098321288,-0.242205227182809,-0.0312742635578769,-0.203063217019107,0.0354249996804112,-0.17144772506398,-0.000104009496113111
8,-0.0328518080671643,0.0113369060464339,-0.433347081563483,0.0545509725291864,-0.109966797187162,-0.00570931803111963,-0.216075749603496,0.0171578599122391
9,0.0066493270804111,-0.00518395263361016,-0.309523375309201,0.0302152310407533,-0.155798488451956,0.0312271824877731,-0.195157207219931,0.025519072070236
10,-0.0144226276713737,0.00507697197277124,-0.251787653517973,0.0451190199223548,-0.0634633388386656,0.00392076773229766,-0.132912908816718,0.0198376315273112
11,0.00296457517618909,-0.00224995743256962,-0.121171202133838,0.0191783865096808,-0.059219830809877,0.0154528764496458,-0.0790793154178883,0.0149764816134001
12,-0.00461560366813218,0.00223160045059401,-0.0661458899270824,0.0179534932881569,-0.00881651296049646,0.000383713625778159,-0.0341531024586468,0.00794988085395876
13,0.00305313896940018,-0.00127608559839154,-0.00565117071092192,0.0033681602062936,-0.00792415448313255,0.00481131937468482,-0.00789635877607808,0.00377424957717726
14,-0.00139484124593459,0.000871536672290719,0.00846077295474013,0.00273656888219013,0.0101219031980091,-0.00189909351431284,0.00667508048599785,0.000521240440418808
15,0.00188493431103987,-0.00065907273907273,0.0220053313947588,-0.0026040509498928,0.00504399593549598,0.000674170463063284,0.0107805076346539,-0.000673675224382109
16,-0.000336825444579247,0.000333893507740712,0.0165754568963186,-0.0013763513340791,0.00882257312685475,-0.00178354024514071,0.0108610860448994,-0.00137397843769632
17,0.000872747250536987,-0.000326719865830327,0.0144999463183701,-0.00251327938684232,0.00356162501238866,-0.000130835435317334,0.00826281464245082,-0.00124359209015656
18,-0.000228160790656684,0.000153525604139615,0.00735936913347945,-0.00107861460656267,0.00368862320082819,-0.000936720093496213,0.00487574615574093,-0.000822336885131891
19,0.000328497765126112,-0.000142580225182654,0.00439169292067065,-0.00110085093011089,0.000665376753213653,-1.5900047818318e-05,0.00265726219628748,-0.000609032911960794
20,-0.000177078064384162,7.78075939500411e-05,0.000770793722308039,-0.000241156086776106,0.000671840992860329,-0.000319541996038009,0.000109722426250514,-3.91031698698807e-05
21,9.14444289679961e-05,-5.63959581081908e-05,-0.000141309534131662,-0.000217926484475078,-0.000492267570911281,0.000103043386782631,-0.00034563346342123,-9.44043814344597e-05
22,-0.000111434085414031,4.14352049327715e-05,-0.00109370611603876,0.000121459410631963,-0.00020869485970465,-5.98989102404968e-05,-0.000537971419186434,1.4101551610024e-05
23,2.78880381663349e-05,-2.25631121084924e-05,-0.000864022723860769,5.50698941255423e-05,-0.000494886868018574,0.00010178729381019,-0.000301402535500594,-1.04257850131739e-05
24,-5.53693685412249e-05,2.04361281260883e-05,-0.000825732658218836,0.000139452565280872,-0.000194517131038463,1.05031627187224e-06,-0.000130667820998465,4.4332265755273e-07
25,1.45546855010725e-05,-9.84630126277253e-06,-0.000436342180835658,5.85965330535121e-05,-0.000226207455782695,5.64255903618971e-05,0.000380960099943095,-0.000122503728827605
26,-2.09710426424259e-05,9.04891668684904e-06,-0.000283249884351022,6.68429212229427e-05,-4.56150951335665e-05,8.66723295356309e-08,-0.000181504908954189,0.000102798558103467
27,1.05475473588246e-05,-4.94579194088018e-06,-6.78469671774318e-05,1.59285095735484e-05,-5.08735001865934e-05,2.08187628067957e-05,0.000413705525420333,-0.000147585338299949
28,-6.57303781337326e-06,3.70339692179478e-06,-1.20036063349094e-05,1.59955363565611e-05,2.32494654501814e-05,-5.6978032243471e-06,-8.93304600828593e-05,7.14368421399492e-05
29,6.76587256842609e-06,-2.58249029130853e-06,5.25761881906561e-05,-5.43943527817059e-06,6.9271962597206e-06,4.72500969603273e-06,-0.000218315831732596,4.87997629776971e-05
30,-2.02287429917902e-06,1.48030685265255e-06,4.36644104166994e-05,-1.65775945881741e-06,2.75145475590044e-05,-5.81488039830269e-06,-0.000586575593734651,0.000149481931049023
31,3.39381840264164e-06,-1.27654320070114e-06,4.64287974349942e-05,-7.67447491845097e-06,1.02937392865154e-05,3.70739575483725e-07,-0.000682863161501013,0.000145521043548369
32,-9.52875707671552e-07,6.42904833370039e-07,2.53474821261257e-05,-3.08036850471538e-06,1.36915700625906e-05,-3.38241241593096e-06,-0.000265158441351776,2.05036971414607e-05
33,1.36429961211659e-06,-5.77060702888765e-07,1.78249930760932e-05,-4.01151592333004e-06,2.93411182364367e-06,7.15183836597078e-08,-0.000278002810029987,7.81131210284558e-05
34,-6.45436792900966e-07,3.14037173029802e-07,5.12659624307688e-06,-9.99103931101364e-07,3.61175193930308e-06,-1.3362997625388e-06,-0.000111250766721138,2.28050664082685e-05
35,4.51757588670887e-07,-2.39917588171212e-07,1.84036617190131e-06,-1.11308498197682e-06,-1.05940171035712e-06,3.23267255478155e-07,0.000311739637571584,-9.01771729765605e-05
36,-4.06292793297958e-07,1.61366041639965e-07,-2.41208562484774e-06,2.29080008740112e-07,-8.69396947211776e-08,-3.48801957983369e-07,-0.000145368453106087,8.79474150308202e-05
37,1.44221484754681e-07,-9.73302105578e-08,-2.1206611073854e-06,3.27222404727934e-09,-1.51725854258267e-06,3.33179434486297e-07,0.000107647699961966,-4.88282868440493e-05
38,-2.09656028093974e-07,8.00445960624785e-08,-2.57647514445569e-06,4.18678639535486e-07,-5.23663555740406e-07,-4.94621572588727e-08,-6.0567521606103e-05,3.06868441921626e-05
39,6.36364367589959e-08,-4.1888390533984e-08,-1.44403366586499e-06,1.55596537210201e-07,-8.19463478657356e-07,2.02043692554277e-07,-0.000195583134565136,5.127640737701e-05
40,-8.75316512605195e-08,3.66089416559134e-08,-1.09911014600783e-06,2.38187882750651e-07,-1.79630352370452e-07,-1.0263327077098e-08,0.000166121799046515,-7.0847222575221e-05
41,3.96121651036196e-08,-2.00072145517538e-08,-3.56904961584803e-07,6.01274612321845e-08,-2.45821858868567e-07,8.47688590432938e-08,-0.000672328092824692,0.00022449298780769
42,-3.05523379928729e-08,1.55124870726553e-08,-1.70574841806825e-07,7.46499240200649e-08,4.61425067044274e-08,-1.89191168287195e-08,-0.000120376311180115,-3.64318945879072e-05
43,2.46184885810408e-08,-1.01317396694611e-08,1.031427019349e-07,-8.75322841986659e-09,-1.38582971764833e-08,2.46750467836065e-08,-0.000285222047818223,8.52187874211263e-05
44,-1.01361039561709e-08,6.36859676106383e-09,9.73330276377027e-08,5.34318367328979e-09,8.30533399831523e-08,-1.91874227617461e-08,-0.000258452209732196,5.84659617235417e-05
45,1.29112305291557e-08,-5.01798425034394e-09,1.41060044756003e-07,-2.26525698199254e-08,2.52348315576967e-08,4.65297333995807e-09,-0.000186966316515547,3.99921924052471e-05
46,-4.25022794736662e-09,2.72769806741735e-09,8.0652608813736e-08,-7.43934736036067e-09,4.85754143575434e-08,-1.2041970975929e-08,-0.000237396333426121,6.31018821435347e-05
47,5.58025403663009e-09,-2.32088326335145e-09,6.66105218760649e-08,-1.40100500090057e-08,1.05279025497396e-08,1.04926312083364e-09,-0.000579917661798324,0.000159381307669237
48,-2.4653150632048e-09,1.27954979944889e-09,2.35560522199307e-08,-3.48411122175207e-09,1.62362452371667e-08,-5.32723731794249e-09,0.000161739245352344,-0.000100718752774842
49,2.04071787246463e-09,-9.9920294260869e-10,1.3404185789101e-08,-4.87283813299655e-09,-1.89511518977614e-09,1.14493703406993e-09,-0.000545244126802749,0.000198879774584881
